1 1 1 1 1 1 1 1 1 1 1 1 1 1 1 1 1 1 1 1 1 1 1 1 1 1 1 1 1 -1 1 1
1 -1 1 -1 1 -1 -1 1 -1 1 1 -1 1 1 1 -1 1 1 1 1 1 -1 1 -1 1 -1 1 -1 1 1 1 1
1 -1 -1 -1 -1 1 -1 1 1 1 1 1 1 1 -1 -1 1 1 1 1 1 1 1 -1 -1 -1 -1 1 -1 1 1 1
1 -1 -1 1 1 -1 -1 1 -1 -1 -1 -1 1 -1 -1 1 1 1 1 1 1 -1 1 1 1 1 1 1 1 1 1 1
1 1 1 1 1 -1 -1 -1 -1 1 1 -1 -1 -1 -1 1 1 1 1 1 -1 -1 1 1 1 1 1 1 1 1 1 -1
1 -1 1 -1 -1 1 -1 1 1 1 1 1 1 1 -1 1 1 1 1 1 1 1 1 -1 -1 -1 -1 -1 -1 1 1 1
1 1 1 1 -1 1 1 1 -1 1 1 -1 -1 -1 -1 1 1 1 -1 -1 1 -1 1 1 1 1 -1 1 1 1 -1 1
1 -1 -1 -1 -1 1 -1 1 1 1 -1 1 -1 1 1 -1 1 1 1 1 1 1 1 -1 1 -1 1 -1 1 1 1 1
1 1 -1 1 1 1 -1 1 1 -1 -1 -1 -1 1 1 -1 1 1 1 -1 1 1 1 1 1 1 1 1 1 1 -1 1
1 -1 1 -1 -1 -1 1 -1 -1 1 -1 -1 -1 1 -1 1 1 1 1 1 1 -1 -1 1 1 1 1 1 1 1 1 1
1 1 -1 -1 1 1 -1 1 1 1 1 1 -1 1 1 1 1 1 1 1 1 1 1 -1 -1 -1 1 -1 1 1 1 1
1 -1 -1 1 1 -1 1 1 1 1 1 1 -1 1 1 -1 1 1 1 1 1 1 -1 1 1 1 1 1 1 1 1 1
1 1 1 1 -1 1 1 -1 -1 -1 -1 -1 1 1 1 1 1 1 1 1 1 -1 -1 1 1 1 1 1 -1 1 1 1
1 -1 1 -1 -1 1 -1 1 1 1 -1 1 1 1 1 -1 1 1 1 1 1 1 1 1 1 1 1 1 1 1 1 1
1 1 1 -1 1 -1 -1 1 -1 -1 1 -1 -1 1 -1 -1 1 1 -1 1 -1 -1 1 1 1 1 1 1 1 1 1 1
1 -1 -1 1 -1 1 1 -1 1 1 1 1 1 -1 -1 1 1 1 1 1 1 1 1 1 1 1 1 1 1 1 1 1
1 1 1 1 1 1 1 1 -1 1 1 -1 1 1 1 1 1 1 1 1 1 -1 1 1 1 1 1 1 1 1 1 1
1 1 1 1 1 1 1 1 1 1 1 1 1 -1 1 1 1 1 1 1 1 1 1 1 -1 1 1 1 1 1 1 1
1 1 1 1 1 1 1 1 -1 1 1 -1 1 1 1 1 1 1 -1 1 1 -1 1 1 -1 1 1 1 1 1 1 1
1 1 1 1 1 1 1 1 1 1 1 1 1 1 1 1 1 -1 1 1 1 1 1 1 1 1 1 1 1 1 1 1
1 1 1 1 1 -1 1 1 1 1 1 1 1 1 1 1 1 1 1 1 1 1 1 1 -1 1 1 -1 -1 1 1 1
1 1 1 1 1 -1 1 1 1 1 1 1 1 -1 1 1 1 1 1 1 1 1 1 1 1 1 1 1 1 -1 1 1
1 1 1 1 1 -1 1 1 1 1 1 1 1 -1 1 1 1 1 1 1 1 1 1 1 1 1 1 1 1 -1 1 1
1 1 1 1 1 1 1 1 -1 1 1 -1 1 1 1 1 1 1 1 1 1 -1 1 1 -1 1 1 -1 1 1 1 1
1 1 1 1 1 1 1 1 1 1 1 1 1 1 1 1 1 1 1 1 1 1 1 1 1 1 1 1 1 1 1 1
1 1 1 1 1 1 1 1 -1 1 1 1 1 1 1 1 1 1 1 1 1 1 1 1 1 1 1 1 1 -1 1 1
1 1 1 1 1 1 1 1 -1 1 1 -1 1 -1 1 1 1 1 -1 1 1 -1 1 1 1 1 1 -1 1 1 1 1
1 1 1 1 1 1 1 1 1 -1 1 1 1 1 1 1 1 1 1 1 1 1 1 1 1 1 1 1 1 1 1 1
1 -1 1 1 1 -1 1 1 1 1 1 1 -1 1 1 1 1 1 1 1 1 1 1 1 1 1 1 1 1 1 1 1
1 1 1 1 1 1 1 1 -1 -1 1 -1 1 -1 1 1 1 1 1 1 1 -1 1 1 1 1 1 1 1 1 1 1
1 1 1 1 1 -1 1 1 1 1 1 1 1 1 1 1 1 1 1 1 1 1 1 1 1 1 1 -1 1 1 1 1
1 1 1 1 1 1 -1 1 1 -1 1 1 1 1 1 1 1 1 1 1 1 1 1 1 1 1 1 1 1 1 1 1
10.424481627149536
8.418327915987675
7.397031953791183
6.87611726439388
5.981687016620924
5.8767924627859225
5.409403705873278
5.264514428032759
4.919155517969995
4.456008742261175
3.846269331448798
3.690132252062451
3.155980276486349
2.1784530013436147
