1 1 1 1 1 1 1 1 -1 1 1 1 1 1 -1 1 1 1 1 1 1 1 1 1 1 1 1 1 1 1 1 1
1 1 -1 -1 -1 -1 1 -1 -1 1 -1 -1 -1 -1 -1 1 1 1 1 1 1 1 1 1 1 1 1 1 1 -1 1 1
1 1 1 1 -1 -1 1 -1 -1 1 1 1 -1 -1 -1 1 -1 -1 -1 -1 1 1 1 1 -1 -1 -1 -1 1 -1 1 1
1 -1 -1 1 1 -1 -1 1 -1 1 -1 1 1 -1 1 1 1 1 1 1 1 1 1 1 1 1 1 1 1 -1 1 1
1 1 1 1 -1 -1 1 -1 -1 1 1 1 -1 -1 -1 1 -1 -1 -1 -1 1 1 1 1 -1 -1 -1 -1 1 -1 1 1
1 -1 1 1 -1 -1 1 -1 -1 -1 1 1 -1 -1 -1 1 -1 -1 -1 -1 1 1 1 1 -1 -1 1 -1 1 1 1 -1
1 1 1 1 1 1 -1 1 1 1 1 1 1 1 1 1 1 1 1 1 1 1 1 1 1 1 1 1 1 1 1 1
1 -1 -1 1 -1 1 -1 1 -1 -1 -1 1 -1 1 1 -1 -1 -1 1 1 1 1 1 -1 -1 -1 1 1 1 1 -1 -1
1 1 -1 1 -1 -1 1 1 -1 1 -1 -1 -1 -1 -1 1 1 1 1 1 1 1 1 -1 1 1 1 1 1 -1 1 1
1 -1 -1 1 -1 -1 1 -1 -1 1 1 1 -1 -1 -1 1 -1 -1 -1 -1 1 1 1 1 -1 -1 -1 -1 1 1 1 -1
1 1 -1 -1 1 1 1 -1 -1 -1 1 1 -1 -1 1 1 1 1 1 1 -1 -1 1 1 1 1 1 1 1 -1 1 1
1 1 1 -1 -1 -1 1 -1 1 1 1 1 -1 -1 -1 1 -1 -1 -1 -1 1 1 1 1 -1 -1 -1 -1 1 1 1 1
1 1 1 1 -1 -1 1 -1 1 -1 1 1 -1 -1 -1 1 -1 1 -1 -1 1 1 1 1 -1 -1 -1 -1 1 1 1 1
1 1 1 -1 -1 -1 1 -1 1 1 -1 1 -1 -1 -1 1 -1 1 1 1 1 1 1 1 1 -1 1 -1 1 -1 1 1
1 1 1 1 -1 -1 1 -1 1 1 1 1 -1 -1 -1 1 -1 1 -1 -1 1 1 1 1 -1 -1 -1 -1 1 1 1 1
1 -1 -1 1 -1 1 1 -1 -1 1 1 -1 1 -1 -1 1 1 1 1 1 1 1 1 1 1 1 1 1 1 -1 1 -1
1 1 1 1 1 1 -1 1 1 1 1 1 -1 1 1 1 1 1 1 1 1 1 1 1 1 1 1 1 1 -1 1 1
1 -1 1 1 1 1 1 1 1 -1 1 1 -1 1 1 -1 1 1 1 1 1 1 1 1 1 1 1 1 1 1 1 1
1 -1 1 1 -1 -1 1 -1 1 1 1 1 -1 -1 -1 1 -1 -1 -1 -1 1 1 1 1 -1 -1 -1 -1 1 1 1 -1
1 1 1 1 1 1 1 1 1 -1 1 1 1 1 -1 1 1 1 1 1 1 1 -1 1 1 1 1 1 1 1 1 1
1 1 1 1 -1 -1 1 -1 1 1 1 1 -1 -1 -1 1 -1 -1 -1 -1 1 1 1 1 -1 -1 -1 -1 1 1 1 1
1 -1 1 1 1 1 -1 -1 -1 1 1 1 1 1 1 1 -1 1 1 1 1 1 1 -1 -1 -1 1 1 1 1 -1 -1
1 -1 1 1 1 1 -1 1 -1 1 1 1 1 1 1 -1 1 1 1 1 1 1 1 1 1 1 1 1 1 1 1 1
1 1 1 1 1 1 1 -1 1 1 1 1 1 1 1 1 -1 1 1 1 1 1 -1 -1 -1 -1 1 1 1 1 -1 1
1 1 1 -1 1 1 1 1 1 -1 1 1 1 1 1 -1 1 1 1 1 1 1 1 1 1 1 1 1 1 1 1 1
1 -1 1 1 1 1 1 -1 -1 1 1 1 1 1 -1 1 -1 1 1 1 1 1 -1 1 1 -1 1 1 1 1 1 -1
1 -1 1 1 -1 -1 -1 1 1 1 -1 -1 1 1 1 -1 1 1 -1 -1 1 1 1 1 1 1 1 1 -1 -1 1 1
1 1 1 1 1 1 1 -1 1 1 1 1 1 1 1 1 -1 1 1 1 1 1 1 -1 -1 -1 1 1 1 1 -1 1
1 -1 1 1 -1 -1 -1 1 1 1 -1 -1 1 1 1 -1 1 1 -1 -1 1 1 1 1 1 1 1 1 -1 -1 1 1
1 -1 1 1 1 1 -1 1 -1 1 1 1 1 1 1 -1 1 1 1 1 1 1 1 1 1 1 1 1 1 1 1 1
1 1 1 1 1 1 1 1 -1 1 1 1 1 1 -1 1 -1 -1 1 1 1 1 -1 -1 1 1 1 1 1 1 1 -1
1 1 1 1 1 1 1 1 1 1 1 1 1 1 1 1 1 1 1 1 1 1 1 1 -1 1 1 1 1 1 -1 1
9.184344569096467
8.944271909999157
8.864664274952206
7.5077376753210805
6.995579450691693
6.508843535238414
5.95072235019856
5.460601475229298
5.077379741409571
3.7930450974116656
