1 1 1 1 1 1 1 1 -1 1 1 1 1 1 -1 1 1 1 1 1 1 1 1 1 1 1 1 1 1 1 1 1
-1 -1 1 -1 1 1 -1 1 1 -1 1 1 1 1 1 -1 -1 -1 -1 -1 -1 -1 -1 -1 -1 -1 -1 -1 -1 1 -1 -1
1 1 1 1 -1 -1 1 -1 -1 1 1 -1 -1 -1 -1 1 -1 -1 -1 -1 1 1 1 1 -1 -1 -1 -1 1 -1 1 1
1 -1 -1 1 1 -1 -1 1 -1 1 -1 -1 1 -1 1 1 1 1 1 1 1 1 1 1 1 1 1 1 1 -1 1 1
1 1 1 -1 -1 -1 1 -1 -1 1 1 -1 -1 -1 -1 1 -1 -1 -1 -1 1 1 1 1 -1 -1 -1 -1 1 -1 1 1
1 -1 1 -1 -1 -1 1 -1 1 -1 1 1 -1 -1 -1 1 -1 -1 -1 -1 1 1 1 1 -1 -1 -1 -1 1 1 1 1
1 1 -1 -1 -1 -1 1 1 -1 -1 -1 1 -1 -1 -1 1 1 1 1 1 1 1 1 -1 1 1 1 1 1 -1 1 1
1 1 1 1 -1 -1 -1 1 -1 1 -1 -1 1 1 1 1 1 1 -1 -1 1 1 1 -1 1 -1 1 1 -1 -1 1 1
1 1 -1 1 -1 -1 1 1 -1 -1 -1 -1 -1 -1 -1 1 1 1 1 1 1 1 1 -1 1 1 1 1 1 -1 1 1
1 -1 -1 -1 -1 -1 1 -1 -1 -1 1 1 -1 -1 -1 1 -1 -1 -1 -1 1 1 -1 1 -1 -1 -1 -1 1 1 1 1
1 1 -1 1 1 1 1 -1 1 -1 1 -1 -1 -1 1 1 1 1 1 1 -1 -1 1 1 1 1 1 -1 1 -1 -1 1
1 -1 1 1 -1 -1 1 -1 1 1 1 1 -1 -1 -1 1 1 -1 -1 -1 1 1 1 1 -1 1 -1 -1 1 1 1 1
1 1 1 -1 -1 -1 1 -1 1 1 1 1 -1 -1 -1 1 -1 1 -1 -1 1 1 1 1 -1 -1 -1 -1 1 1 1 1
1 1 1 1 -1 -1 1 -1 1 1 -1 1 -1 -1 -1 1 -1 1 1 1 1 1 1 1 1 -1 1 -1 1 -1 1 1
1 1 1 -1 -1 -1 1 -1 -1 1 1 1 -1 -1 -1 1 -1 1 -1 -1 1 1 1 1 -1 -1 -1 -1 1 1 1 1
1 1 -1 1 -1 1 1 -1 -1 1 1 -1 1 -1 -1 1 1 1 1 1 1 1 1 1 1 1 1 1 1 -1 1 -1
1 1 1 -1 1 1 -1 1 1 1 1 1 -1 1 1 1 -1 1 1 1 1 1 1 1 1 1 1 1 1 -1 1 1
1 -1 1 -1 1 1 1 1 1 -1 1 1 -1 1 1 -1 -1 1 1 1 1 1 1 1 1 1 1 1 1 1 1 1
1 -1 1 -1 -1 -1 1 -1 1 1 1 1 -1 -1 -1 1 -1 -1 -1 -1 1 1 1 1 -1 -1 -1 -1 1 1 1 -1
1 1 1 -1 1 1 1 1 -1 -1 1 1 1 1 -1 1 -1 1 1 1 1 1 -1 1 1 1 1 1 1 1 1 1
1 1 1 1 -1 -1 1 -1 1 1 1 1 -1 -1 -1 1 1 -1 -1 -1 1 1 1 1 -1 -1 -1 -1 1 1 1 1
1 -1 1 -1 1 1 -1 -1 -1 1 1 1 1 1 1 1 -1 1 1 1 1 1 1 -1 -1 1 1 1 1 1 -1 -1
1 -1 1 1 1 1 -1 -1 -1 1 1 -1 1 1 1 -1 -1 1 -1 1 1 1 1 1 1 1 1 1 1 1 1 1
1 1 1 1 1 1 1 -1 1 1 1 1 1 1 1 1 -1 1 1 1 1 1 -1 -1 -1 -1 1 1 1 1 -1 1
1 1 1 -1 1 1 1 1 1 1 1 1 1 1 1 -1 -1 1 1 1 1 1 1 1 1 1 1 1 1 1 1 1
1 1 1 -1 1 1 1 -1 -1 -1 1 1 1 1 -1 1 -1 1 1 1 1 1 -1 1 1 -1 1 1 1 1 1 -1
1 -1 1 -1 -1 -1 -1 1 -1 1 -1 -1 1 1 1 -1 -1 1 -1 -1 1 1 1 1 1 1 1 1 -1 -1 1 1
1 1 1 -1 1 1 1 -1 1 1 1 1 1 1 1 1 -1 1 1 1 1 1 1 -1 -1 -1 1 1 1 1 -1 -1
1 -1 1 1 -1 -1 -1 1 -1 1 -1 -1 1 1 1 1 1 1 -1 -1 1 1 1 1 1 1 1 1 -1 -1 1 1
1 -1 1 -1 1 1 -1 1 -1 1 1 -1 1 1 1 -1 -1 1 1 1 1 1 1 1 1 1 1 1 1 1 1 1
1 1 1 -1 1 1 1 1 -1 -1 -1 1 1 1 -1 1 -1 -1 1 1 1 1 -1 -1 1 1 1 1 1 1 1 -1
1 -1 1 -1 1 -1 1 1 1 1 1 1 1 1 1 1 -1 1 1 1 1 1 1 1 -1 1 1 1 1 1 -1 1
9.043992372736545
8.944271909999161
8.460599425837856
7.24512402645808
6.928203230275508
6.92391478380635
6.293616470256155
6.037856228267413
5.2580847800155786
3.237169992985294
