25 25
47 6 10 7 42 5 17 29 48 26 28 34 31 18 44 34 17 36 27 5 50 35 52 33 10
48 8 11 8 45 4 14 28 47 28 30 32 35 22 43 36 17 34 29 7 49 32 48 29 13
51 7 12 9 43 2 17 29 45 26 28 32 31 21 43 33 17 36 31 7 49 32 52 29 10
50 7 13 8 44 5 18 26 45 27 30 33 32 19 44 36 19 32 28 7 48 32 50 31 10
51 7 10 8 45 5 15 30 47 25 28 33 34 19 42 35 19 35 31 3 52 33 52 32 11
50 7 12 8 42 6 14 28 46 27 30 30 33 22 42 36 20 34 27 5 52 34 48 32 10
50 4 11 8 43 4 14 26 46 26 31 30 32 20 40 33 19 32 29 4 51 31 50 29 9
47 8 11 5 46 2 17 27 45 29 29 31 34 20 41 35 19 33 30 3 51 31 51 30 10
47 4 14 5 44 3 14 29 45 29 28 30 31 20 44 35 17 32 27 6 50 32 51 29 9
47 4 14 9 43 3 17 26 45 26 31 33 35 21 41 34 16 34 28 6 50 34 49 31 9
48 5 11 5 46 6 14 28 48 25 29 32 34 22 42 36 17 34 27 4 50 35 52 32 9
47 8 14 9 43 4 16 27 45 28 29 32 32 18 43 33 18 36 27 4 49 34 49 30 12
49 7 13 6 43 4 14 27 48 25 31 32 35 22 43 35 20 34 27 3 50 31 49 32 12
47 6 14 7 43 6 14 28 49 28 29 32 35 21 44 33 16 32 28 6 50 31 49 33 9
48 6 13 6 45 2 17 27 47 29 29 30 32 18 41 37 17 36 27 3 48 33 51 33 9
48 5 14 8 44 3 16 30 48 26 30 32 32 22 40 33 19 34 28 6 48 34 50 31 12
48 5 14 8 46 6 17 30 49 25 31 33 35 20 42 37 17 35 27 5 51 32 49 33 11
48 7 11 6 44 2 16 29 47 25 29 31 35 21 43 33 18 36 29 4 51 31 48 29 12
49 4 13 8 45 4 18 30 47 28 29 32 31 21 44 34 18 35 28 6 48 31 52 32 13
49 8 10 8 43 3 14 29 47 29 31 31 33 19 43 37 18 32 28 6 52 33 52 32 10
50 5 10 6 44 4 18 26 49 29 31 34 33 18 42 35 18 36 29 3 51 35 51 30 12
50 7 11 5 45 6 17 27 46 28 27 31 32 18 44 34 19 34 27 7 49 32 52 31 13
47 5 13 8 44 6 18 30 46 28 27 31 35 22 44 36 16 32 29 5 49 35 48 31 13
51 7 12 6 45 3 17 30 45 29 30 33 35 21 40 37 18 34 31 7 49 35 51 33 10
49 6 11 6 42 5 17 27 45 28 28 31 35 21 41 35 18 34 29 3 48 34 50 30 12
