12 12
0 1 16 81 256 625 1296 2401 4096 6561 10000 14641
1 0 1 16 81 256 625 1296 2401 4096 6561 10000
16 1 0 1 16 81 256 625 1296 2401 4096 6561
81 16 1 0 1 16 81 256 625 1296 2401 4096
256 81 16 1 0 1 16 81 256 625 1296 2401
625 256 81 16 1 0 1 16 81 256 625 1296
1296 625 256 81 16 1 0 1 16 81 256 625
2401 1296 625 256 81 16 1 0 1 16 81 256
4096 2401 1296 625 256 81 16 1 0 1 16 81
6561 4096 2401 1296 625 256 81 16 1 0 1 16
10000 6561 4096 2401 1296 625 256 81 16 1 0 1
14641 10000 6561 4096 2401 1296 625 256 81 16 1 0