30 30
1 1 9 0 1 9 4 9 1 4 0 16 9 4 1 1 4 9 4 4 9 16 0 1 1 4 0 0 4 4 
4 0 4 4 1 1 25 9 4 0 1 9 0 4 16 0 9 4 1 9 9 1 1 4 1 0 1 4 9 4 
4 1 1 1 1 4 9 1 9 1 1 1 4 0 4 1 1 4 4 1 4 16 4 4 1 1 1 1 4 1 
1 4 25 4 9 1 1 4 1 1 4 1 0 1 0 1 25 4 16 1 25 4 1 9 0 4 0 1 1 0 
1 9 0 4 9 0 16 4 4 9 4 9 4 4 9 1 4 4 4 9 0 1 4 4 4 1 1 4 1 16 
1 4 9 4 1 0 16 4 1 4 1 1 4 1 16 9 0 25 1 4 9 1 9 25 4 1 4 0 4 16 
9 1 1 4 1 1 1 1 9 4 0 0 1 1 1 4 1 1 4 0 0 4 4 1 0 4 1 1 1 1 
0 4 1 9 4 1 9 4 16 25 4 16 1 1 1 4 4 4 0 1 1 4 1 0 4 0 1 1 1 16 
0 0 9 9 4 1 1 4 1 1 1 1 4 1 4 25 4 9 4 4 1 1 4 4 9 1 16 9 9 4 
16 4 0 4 0 4 9 1 4 1 0 4 1 1 16 49 4 16 0 1 16 16 9 0 4 9 9 4 1 4 
1 1 4 0 4 1 9 4 0 4 0 16 1 4 4 1 4 16 4 9 1 16 1 16 9 1 0 1 1 9 
4 1 4 4 1 4 1 0 9 4 4 9 4 1 1 9 1 9 1 4 4 1 0 4 4 1 4 4 4 4 
16 9 0 1 0 0 1 4 4 1 16 9 4 1 4 0 0 9 9 0 4 0 0 1 1 1 16 1 1 1 
4 9 4 1 4 1 4 1 9 1 16 4 16 1 1 1 0 9 0 1 1 4 0 1 1 0 9 1 0 0 
4 1 9 4 4 4 4 0 1 9 4 0 4 1 4 4 0 1 4 1 4 0 4 9 1 1 1 0 4 0 
9 1 1 9 4 4 9 0 4 1 1 0 0 4 4 36 9 16 1 4 0 0 1 0 9 4 4 1 0 16 
0 0 9 4 1 4 25 9 0 0 4 1 1 0 9 1 4 4 1 4 9 1 1 9 4 1 1 1 16 9 
9 9 9 4 1 4 1 1 16 1 0 1 4 0 0 4 1 1 1 0 1 0 1 9 4 4 9 1 9 4 
0 0 1 1 0 1 1 1 4 0 1 4 16 9 4 4 1 16 1 0 9 4 1 0 4 0 9 4 4 1 
1 0 4 0 4 16 4 9 9 4 9 16 1 0 1 9 9 25 4 4 1 4 4 0 1 4 0 4 1 4 
4 1 4 4 0 1 1 9 16 4 9 1 1 0 1 9 1 4 9 4 1 1 1 4 0 1 9 1 9 1 
1 0 1 0 1 9 9 1 4 0 0 0 0 1 4 16 0 9 1 1 1 1 0 1 9 1 1 4 4 9 
1 4 4 1 0 0 4 1 1 1 0 4 25 4 1 1 1 1 0 4 1 16 25 9 1 1 4 9 4 0 
0 1 1 9 0 0 1 0 16 16 1 1 1 0 0 4 1 16 1 4 0 9 1 4 4 0 1 4 9 9 
1 1 9 9 9 4 16 0 1 1 4 4 0 1 9 36 9 16 9 4 1 1 0 4 9 1 9 0 1 16 
9 4 0 9 1 1 16 4 1 1 9 9 9 1 1 4 9 1 1 1 1 9 16 1 1 1 4 4 0 1 
4 1 9 4 1 4 1 1 1 0 4 1 4 4 4 1 1 0 16 1 4 0 9 1 1 4 1 0 1 1 
0 4 0 1 9 1 1 0 0 4 4 1 9 4 4 0 4 4 1 16 0 9 9 1 4 4 1 0 16 1 
16 4 0 4 0 4 9 1 4 1 0 4 1 1 16 49 4 16 0 1 16 16 9 0 4 9 9 4 1 4 
0 1 0 0 9 1 4 1 9 4 4 1 9 9 16 1 1 0 9 16 4 4 16 4 4 4 0 0 4 1